Jogo 1: 1,2,3,4,5,6,11,14,17,18,21,22,23,24,25 - Acertos: 8
Jogo 2: 1,2,3,4,5,7,8,12,13,14,15,18,21,23,25 - Acertos: 11
Jogo 3: 1,2,3,4,5,7,9,10,13,15,17,19,20,21,25 - Acertos: 10
Jogo 4: 1,2,3,4,5,11,12,13,14,15,21,22,23,24,25 - Acertos: 10
Jogo 5: 1,2,3,4,6,7,9,11,17,18,19,21,23,24,25 - Acertos: 8
Jogo 6: 1,2,3,5,6,7,11,13,16,17,19,21,22,23,24 - Acertos: 8
Jogo 7: 1,2,3,5,7,8,11,12,13,14,17,18,19,21,23 - Acertos: 10
Jogo 8: 1,2,3,5,7,8,12,13,17,18,21,22,23,24,25 - Acertos: 8
Jogo 9: 1,2,3,5,7,9,10,12,14,16,18,19,22,24,25 - Acertos: 9
Jogo 10: 1,2,3,5,7,9,11,13,15,17,19,20,22,24,25 - Acertos: 9
Jogo 11: 1,2,4,5,6,7,8,9,11,13,16,18,19,21,25 - Acertos: 10
Jogo 12: 1,2,4,5,6,7,8,10,11,13,16,18,19,24,25 - Acertos: 10
Jogo 13: 1,2,4,5,6,7,9,11,13,15,16,18,20,22,25 - Acertos: 10
Jogo 14: 1,2,4,5,7,8,10,12,14,17,19,20,23,24,25 - Acertos: 9
Jogo 15: 1,2,4,7,8,9,10,12,14,17,18,20,21,23,24 - Acertos: 9
Jogo 16: 1,2,4,11,12,13,14,15,17,19,21,22,23,24,25 - Acertos: 8
Jogo 17: 1,2,5,6,7,8,10,12,15,17,18,20,22,24,25 - Acertos: 9
Jogo 18: 1,2,5,6,7,9,12,13,15,16,19,20,22,23,25 - Acertos: 9
Jogo 19: 1,2,5,7,8,11,14,15,16,17,18,19,21,22,25 - Acertos: 8
Jogo 20: 1,2,5,8,10,11,12,13,14,15,16,19,20,22,25 - Acertos: 10
Jogo 21: 1,3,4,7,8,9,11,12,13,15,17,19,21,23,24 - Acertos: 10
Jogo 22: 1,3,4,8,10,11,12,13,14,15,16,18,22,23,25 - Acertos: 10
Jogo 23: 1,3,5,6,7,8,9,10,12,14,16,17,23,24,25 - Acertos: 10
Jogo 24: 1,3,5,8,10,13,14,15,17,18,19,21,22,23,25 - Acertos: 8
Jogo 25: 1,4,5,6,9,10,11,14,15,16,19,20,21,24,25 - Acertos: 9
Jogo 26: 1,4,5,7,9,11,12,13,15,16,19,20,21,23,25 - Acertos: 9
Jogo 27: 1,8,9,10,12,13,14,17,19,20,21,22,23,24,25 - Acertos: 7
Jogo 28: 2,3,4,5,6,7,8,14,15,17,18,19,20,22,25 - Acertos: 9
Jogo 29: 2,3,4,5,6,7,10,11,12,13,17,18,19,23,25 - Acertos: 10
Jogo 30: 2,3,4,5,7,10,11,13,15,17,19,20,23,24,25 - Acertos: 9
Jogo 31: 2,3,5,6,7,9,12,13,15,17,18,19,21,22,23 - Acertos: 9
Jogo 32: 2,3,5,6,8,10,11,12,13,15,17,18,20,23,24 - Acertos: 10
Jogo 33: 2,3,5,6,8,10,12,13,14,16,18,20,22,23,25 - Acertos: 9
Jogo 34: 2,3,5,7,8,9,10,11,12,13,14,17,19,22,23 - Acertos: 11
Jogo 35: 2,3,5,7,8,9,11,12,13,14,17,18,19,22,23 - Acertos: 10
Jogo 36: 2,3,5,7,9,10,11,13,14,17,18,21,22,24,25 - Acertos: 9
Jogo 37: 2,3,5,7,9,11,13,14,17,19,21,22,23,24,25 - Acertos: 8
Jogo 38: 2,3,5,7,11,12,13,14,15,16,17,18,19,20,23 - Acertos: 9
Jogo 39: 2,4,5,6,8,9,10,11,13,14,15,17,19,20,22 - Acertos: 11
Jogo 40: 2,5,6,7,8,9,10,14,16,17,18,19,20,22,25 - Acertos: 8
Jogo 41: 2,5,6,8,10,11,13,15,17,18,20,21,22,23,25 - Acertos: 8
Jogo 42: 2,6,7,8,9,10,11,12,13,14,15,16,18,19,20 - Acertos: 11
Jogo 43: 3,4,6,9,10,12,13,14,15,17,20,21,22,23,24 - Acertos: 9
Jogo 44: 3,5,6,7,8,9,10,14,15,16,17,18,20,21,22 - Acertos: 9
Jogo 45: 3,6,7,8,9,10,11,13,15,16,18,20,22,23,25 - Acertos: 9
Jogo 46: 4,6,7,8,9,10,12,13,14,15,16,17,18,19,20 - Acertos: 10
Jogo 47: 5,6,7,8,9,10,11,12,13,14,16,17,18,19,20 - Acertos: 10
Jogo 48: 5,6,7,8,9,10,11,12,13,15,16,18,19,20,21 - Acertos: 10
Jogo 49: 5,6,7,8,9,10,11,13,15,16,17,18,19,20,25 - Acertos: 9
Jogo 50: 6,7,8,9,10,11,12,13,14,15,16,17,18,19,22 - Acertos: 10
